00100011
00111001
00000000
00011001
00100000
00100001
00000000
00000001
00100000
01000010
00000000
00000010
00100000
01100011
00000000
00000011
00100000
10000100
00000000
00000100
00100000
10100101
00000000
00000101
10101100
10011001
00000000
11001000
00000000
01000001
00110000
00100001
00000000
01100100
00111000
00100010
00000000
01000011
01001000
00100100
00000000
01000011
01010000
00100101
00000000
01000011
01011000
00100110
00000000
01000011
01100000
00100111
00000000
01000011
01101000
00100000
00100100
11101110
00000000
00000001
00000000
11100101
01000000
00100011
00000000
01100010
01111000
00101010
00101000
01010000
00000000
00000011
00000000
01100010
10001000
00101011
00101100
01010010
00000000
00000011
00110000
01010011
00000000
00000011
00110100
01010100
00000000
00000011
00111000
01010101
00000000
00000011
00000000
00000010
10110000
11000000
00000000
00000101
10111000
10000010
10001100
10011000
00000000
11001000
00000000
00000000
00000000
00000000
00000000
00000000
00000000
00000000
00000000
00000000
00000000
00000000
00000000
00000000
00000000
00000000
00000000
00000000
00000000
00000000
10101100
00000001
00000000
00000000
10101100
00000010
00000000
00000100
10101100
00000011
00000000
00001000
10101100
00000100
00000000
00001100
10101100
00000101
00000000
00010000
10101100
00000110
00000000
00010100
10101100
00000111
00000000
00011000
10101100
00001000
00000000
00011100
10101100
00001001
00000000
00100000
10101100
00001010
00000000
00100100
10101100
00001011
00000000
00101000
10101100
00001100
00000000
00101100
10101100
00001101
00000000
00110000
10101100
00001110
00000000
00110100
10101100
00001111
00000000
00111000
10101100
00010000
00000000
00111100
10101100
00010001
00000000
01000000
10101100
00010010
00000000
01000100
10101100
00010011
00000000
01001000
10101100
00010100
00000000
01001100
10101100
00010101
00000000
01010000
10101100
00010110
00000000
01010100
10101100
00010111
00000000
01011000
10101100
00011000
00000000
01011100
