00100000
00001000
00000000
11001000
00100000
00001001
00000000
00000101
00100000
00000010
00000000
01011100
10101101
00000010
00000000
00000000
00100000
00000010
00000000
00110111
10101101
00000010
00000000
00000100
00100000
00000010
00000000
00101110
10101101
00000010
00000000
00001000
00100000
00000010
00000000
00001010
10101101
00000010
00000000
00001100
00100000
00000010
00000000
00000001
10101101
00000010
00000000
00010000
00100000
00000111
00000000
00000000
00100101
00101010
11111111
11111111
00000001
00100111
00010000
00100011
00100100
01000010
11111111
11111111
00010000
01000000
00000000
00011000
00000000
00000000
00000000
00000000
00000000
01000000
01011000
00101010
00010101
01100000
00000000
00010101
00000000
00000000
00000000
00000000
00100000
00000101
00000000
00000000
00000001
00100111
00010000
00100011
00100100
01000110
11111111
11111111
00000000
00000101
00010000
10000000
00000000
01001000
00100000
00100001
10001100
10000010
00000000
00000100
10001100
10000011
00000000
00000000
00000000
01000011
00010000
00101010
00010000
01000000
00000000
00000110
00000000
00000000
00000000
00000000
00000000
00000000
00000000
00000000
10001100
10000011
00000000
00000000
10001100
10000010
00000000
00000100
10101100
10000010
00000000
00000000
10101100
10000011
00000000
00000100
00100100
10100101
00000000
00000001
00000000
10100110
00010000
00101010
00010100
01000000
11111111
11110001
00000000
00000010
00010000
10000000
00000000
00000000
00000000
00000000
00100100
11100111
00000000
00000001
00000000
11101010
00010000
00101010
00010100
01000000
11111111
11100010
00000000
00000000
00000000
00000000
00100000
00000010
00000000
00000000
00000000
00000000
00000000
00000000
00000000
00000000
00000000
00000000
