00100000
00100001
00000000
00000001
10101100
00000001
00000000
00000000
00100000
01000010
00000000
00000010
10101100
00000010
00000000
00000100
00100000
01100011
00000000
00000011
10101100
00000011
00000000
00001000
00100000
10000100
00000000
00000100
10101100
00000100
00000000
00001100
00100000
10100101
00000000
00000101
10101100
00000101
00000000
00010000
10001100
00000110
00000000
00000000
00000000
10100110
01010000
00100000
10001100
00000111
00000000
00000100
00100000
11101011
00000000
00000101
10001100
00001000
00000000
00001000
10001101
00001100
00000000
00000000
10001100
00001001
00000000
00001100
10101100
00001001
00000000
00010100
00000000
10100110
01101000
00100000
00010101
10100000
00000000
00000100
00100000
11101110
00000000
00000101
00010001
11001110
00000000
00000011
10001101
00001111
00000000
00000000
00010001
11101111
00000000
00000010
00001000
00000000
00000000
00010100
00001000
00000000
00000000
00010110
00000000
00000000
00000000
00000000

10101100
00000001
00000000
01000000

10101100
00000010
00000000
01000100

10101100
00000011
00000000
01001000

10101100
00000100
00000000
01001100

10101100
00000101
00000000
01010000

10101100
00000110
00000000
01010100

10101100
00000111
00000000
01011000

10101100
00001000
00000000
01011100

10101100
00001001
00000000
01100000

10101100
00001010
00000000
01100100

10101100
00001011
00000000
01101000

10101100
00001100
00000000
01101100

10101100
00001101
00000000
01110000

10101100
00001110
00000000
01110100

10101100
00001111
00000000
01111000
